0 0.895000 0.293155 0.130000 0.252976
1 0.451000 0.321429 0.118000 0.250000
1 0.096000 0.226190 0.120000 0.214286
1 0.642000 0.330357 0.104000 0.202381
1 0.185000 0.339286 0.070000 0.107143
1 0.310000 0.386905 0.064000 0.125000
1 0.561000 0.346726 0.094000 0.169643
1 0.525000 0.419643 0.058000 0.130952
3 0.924462 0.665555 0.145806 0.500417
3 0.654589 0.669725 0.215635 0.487073
3 0.391963 0.625104 0.220026 0.449541
3 0.101010 0.642202 0.193237 0.533778
5 0.818750 0.557813 0.034375 0.087500
5 0.553125 0.448438 0.096875 0.362500
5 0.906250 0.603906 0.184375 0.792188
5 0.119531 0.564844 0.235938 0.857813
5 0.664844 0.613281 0.323438 0.757812
5 0.361719 0.572656 0.320312 0.707812
5 0.194115 0.410342 0.105402 0.215179
