0 0.566000 0.378378 0.068000 0.132132
0 0.235000 0.309309 0.090000 0.138138
1 0.704000 0.343844 0.068000 0.111111
1 0.299000 0.289790 0.058000 0.117117
1 0.478000 0.280781 0.064000 0.117117
3 0.225736 0.464554 0.092227 0.201835
3 0.299517 0.444120 0.096618 0.185988
3 0.476065 0.422435 0.091348 0.174312
3 0.581247 0.516264 0.080369 0.148457
3 0.721783 0.491660 0.096179 0.234362
5 0.310156 0.544531 0.129688 0.604688
5 0.237500 0.625000 0.153125 0.743750
5 0.585938 0.597656 0.131250 0.548437
5 0.474219 0.539062 0.148438 0.621875
5 0.727344 0.584375 0.129688 0.575000
