1 0.614000 0.386667 0.084000 0.133333
1 0.366000 0.425333 0.080000 0.136000
1 0.212000 0.438667 0.072000 0.114667
1 0.453000 0.436000 0.058000 0.088000
1 0.562000 0.446667 0.048000 0.077333
1 0.965000 0.441333 0.058000 0.088000
3 0.212341 0.607590 0.107598 0.236030
3 0.333992 0.588824 0.132191 0.251877
3 0.441809 0.526689 0.074660 0.129274
3 0.619236 0.577565 0.108037 0.247706
3 0.547870 0.555880 0.038208 0.155963
3 0.950593 0.516681 0.061045 0.135947
5 0.550781 0.626562 0.064062 0.434375
5 0.448438 0.640625 0.103125 0.484375
5 0.621094 0.662500 0.167187 0.675000
5 0.335156 0.686719 0.157813 0.626562
5 0.212500 0.692969 0.137500 0.610937
5 0.957031 0.592969 0.085938 0.373437
