1 0.548000 0.284431 0.060000 0.113772
1 0.323000 0.333832 0.066000 0.128743
1 0.689000 0.345808 0.058000 0.104790
1 0.802000 0.374251 0.052000 0.095808
1 0.378000 0.351796 0.044000 0.092814
1 0.443000 0.362275 0.034000 0.059880
1 0.617000 0.368263 0.022000 0.053892
1 0.856000 0.359281 0.020000 0.041916
1 0.905000 0.381737 0.022000 0.044910
3 0.337066 0.488741 0.102328 0.176814
3 0.555336 0.429525 0.092666 0.183486
3 0.694335 0.497915 0.088713 0.215179
3 0.800176 0.545455 0.083443 0.255213
3 0.851339 0.403253 0.030303 0.067556
3 0.916996 0.405755 0.034256 0.065888
3 0.617260 0.414929 0.022398 0.060884
3 0.445762 0.424937 0.045674 0.082569
3 0.401405 0.470392 0.028107 0.146789
5 0.392188 0.482031 0.078125 0.351562
5 0.619531 0.460156 0.039062 0.220313
5 0.447656 0.491406 0.073438 0.317187
5 0.918750 0.456250 0.056250 0.178125
5 0.551562 0.565625 0.134375 0.656250
5 0.806250 0.609375 0.112500 0.546875
5 0.851562 0.440625 0.043750 0.193750
5 0.694531 0.582031 0.142188 0.551562
5 0.344531 0.635156 0.167187 0.679688
