1 0.231000 0.205706 0.062000 0.117117
1 0.307000 0.214715 0.054000 0.111111
1 0.143000 0.201201 0.058000 0.168168
1 0.597000 0.223724 0.054000 0.093093
1 0.088000 0.192192 0.052000 0.162162
1 0.381000 0.237237 0.026000 0.072072
1 0.041000 0.172673 0.078000 0.339339
1 0.351000 0.250751 0.030000 0.075075
1 0.486000 0.243243 0.044000 0.096096
1 0.452000 0.229730 0.032000 0.087087
1 0.538000 0.223724 0.028000 0.069069
1 0.700000 0.258258 0.028000 0.060060
1 0.677000 0.243243 0.026000 0.072072
3 0.601669 0.348207 0.075538 0.149291
3 0.690382 0.354045 0.043039 0.130942
3 0.536232 0.300250 0.043917 0.083403
3 0.475187 0.355296 0.072903 0.135113
3 0.431928 0.308173 0.045235 0.110926
3 0.379666 0.317765 0.039087 0.088407
3 0.317523 0.351126 0.085200 0.185154
3 0.222881 0.344037 0.085639 0.179316
3 0.158322 0.385321 0.059289 0.206839
3 0.099253 0.678482 0.188845 0.636364
5 0.353906 0.251563 0.029687 0.050000
5 0.416406 0.392188 0.089063 0.387500
5 0.118750 0.316406 0.146875 0.370313
5 0.378906 0.399219 0.060937 0.382812
5 0.214844 0.412500 0.117188 0.525000
5 0.137500 0.509375 0.271875 0.965625
5 0.684375 0.385156 0.087500 0.317187
5 0.533594 0.365625 0.064062 0.331250
5 0.314063 0.461719 0.125000 0.570312
5 0.470313 0.446094 0.134375 0.485938
5 0.587500 0.464063 0.121875 0.540625
