1 0.914000 0.598802 0.088000 0.155689
1 0.277000 0.508982 0.082000 0.149701
1 0.415000 0.549401 0.098000 0.140719
1 0.702000 0.517964 0.060000 0.113772
1 0.211000 0.467066 0.062000 0.119760
1 0.573000 0.468563 0.054000 0.098802
1 0.742000 0.598802 0.112000 0.143713
1 0.523000 0.458084 0.046000 0.083832
1 0.412000 0.447605 0.056000 0.086826
3 0.952569 0.771476 0.085200 0.281902
3 0.780632 0.813178 0.214756 0.331943
3 0.372639 0.733111 0.149758 0.296914
3 0.615283 0.570892 0.125604 0.129274
3 0.518006 0.540450 0.062802 0.116764
3 0.160299 0.562969 0.118577 0.156797
3 0.214317 0.668891 0.158103 0.251877
5 0.700781 0.542969 0.064062 0.148438
5 0.507812 0.565625 0.090625 0.290625
5 0.409375 0.500000 0.125000 0.178125
5 0.753906 0.758594 0.267188 0.445312
5 0.403125 0.741406 0.271875 0.517187
5 0.592969 0.593750 0.185937 0.359375
5 0.931250 0.720312 0.134375 0.396875
5 0.170312 0.533594 0.143750 0.229687
5 0.226562 0.653906 0.184375 0.435937
