1 0.368000 0.359940 0.072000 0.135542
1 0.091000 0.353916 0.134000 0.237952
1 0.892000 0.399096 0.068000 0.153614
1 0.663000 0.394578 0.082000 0.162651
1 0.194000 0.411145 0.084000 0.183735
1 0.744000 0.350904 0.096000 0.183735
1 0.587000 0.391566 0.066000 0.126506
1 0.474000 0.350904 0.084000 0.195783
1 0.524000 0.359940 0.052000 0.141566
3 0.080808 0.683903 0.159859 0.430359
3 0.188845 0.680984 0.132631 0.329441
3 0.368028 0.535446 0.101010 0.215179
3 0.466623 0.590909 0.157664 0.299416
3 0.669082 0.615513 0.079491 0.278565
3 0.779534 0.599666 0.144049 0.326939
3 0.892622 0.587156 0.052262 0.243536
3 0.564339 0.605505 0.072025 0.338616
5 0.223438 0.460938 0.096875 0.268750
5 0.563281 0.646094 0.101562 0.679688
5 0.869531 0.656250 0.120312 0.665625
5 0.600781 0.426562 0.089063 0.175000
5 0.353906 0.642187 0.160938 0.693750
5 0.197656 0.653125 0.173438 0.693750
5 0.660156 0.651563 0.129688 0.690625
5 0.082812 0.632031 0.162500 0.726562
5 0.462500 0.644531 0.278125 0.710938
5 0.785156 0.642969 0.235938 0.714063
