1 0.810000 0.555224 0.048000 0.083582
1 0.346000 0.491045 0.040000 0.062687
1 0.522000 0.531343 0.032000 0.059701
1 0.549000 0.513433 0.030000 0.053731
1 0.630000 0.508955 0.028000 0.056716
1 0.689000 0.517910 0.046000 0.074627
1 0.752000 0.528358 0.032000 0.053731
1 0.727000 0.531343 0.026000 0.059701
3 0.807202 0.658048 0.064119 0.130108
3 0.754502 0.603837 0.037769 0.086739
3 0.687088 0.597164 0.055775 0.101751
3 0.629556 0.603420 0.047870 0.132611
3 0.521300 0.608424 0.049188 0.099249
3 0.554897 0.578816 0.032938 0.076731
3 0.337505 0.574646 0.053140 0.110092
5 0.556250 0.639844 0.046875 0.292188
5 0.753906 0.667969 0.067187 0.317187
5 0.626562 0.656250 0.075000 0.334375
5 0.803125 0.748438 0.100000 0.453125
5 0.524219 0.691406 0.085938 0.332812
5 0.680469 0.689844 0.104687 0.407813
5 0.332031 0.657812 0.101562 0.381250
