0 0.099000 0.224085 0.058000 0.100610
1 0.767000 0.193598 0.074000 0.143293
1 0.172000 0.181402 0.064000 0.106707
1 0.426000 0.141768 0.076000 0.149390
1 0.907000 0.149390 0.062000 0.121951
1 0.566000 0.201220 0.060000 0.121951
1 0.664000 0.242378 0.056000 0.112805
1 0.322000 0.233232 0.060000 0.118902
0 0.283000 0.234756 0.030000 0.073171
1 0.527000 0.225610 0.034000 0.091463
1 0.953000 0.207317 0.058000 0.103659
1 0.382000 0.213415 0.044000 0.091463
3 0.178744 0.356964 0.102767 0.246872
3 0.095081 0.380317 0.059289 0.193495
3 0.309838 0.371560 0.069829 0.175980
3 0.426438 0.389491 0.143171 0.293578
3 0.557312 0.391993 0.107159 0.243536
3 0.659859 0.380317 0.068072 0.180150
3 0.763724 0.362802 0.111550 0.178482
3 0.910189 0.345705 0.107598 0.237698
5 0.083594 0.451562 0.107813 0.543750
5 0.666406 0.443750 0.098437 0.490625
5 0.761719 0.515625 0.151562 0.740625
5 0.567187 0.512500 0.150000 0.706250
5 0.911719 0.486719 0.157813 0.726562
5 0.275143 0.381568 0.057532 0.362802
5 0.308081 0.512510 0.078612 0.658048
5 0.180061 0.490826 0.135266 0.719766
5 0.060386 0.376564 0.050505 0.257715
5 0.422266 0.524187 0.162934 0.908257
