1 0.569000 0.406907 0.050000 0.093093
1 0.436000 0.379880 0.052000 0.087087
1 0.323000 0.408408 0.042000 0.078078
1 0.682000 0.436937 0.044000 0.081081
1 0.765000 0.436937 0.042000 0.069069
1 0.868000 0.471471 0.040000 0.066066
1 0.809000 0.487988 0.030000 0.063063
1 0.724000 0.483483 0.028000 0.060060
3 0.334870 0.502502 0.061045 0.112594
3 0.434343 0.493745 0.073781 0.136781
3 0.570707 0.526272 0.068950 0.145121
3 0.676548 0.531276 0.057532 0.111760
3 0.769873 0.510842 0.048309 0.082569
3 0.869785 0.539616 0.047870 0.076731
3 0.812912 0.548791 0.032499 0.068390
5 0.813281 0.603906 0.048438 0.279687
5 0.762500 0.607031 0.093750 0.392188
5 0.866406 0.607031 0.073438 0.326562
5 0.330469 0.603906 0.104687 0.445312
5 0.430469 0.609375 0.123438 0.525000
5 0.677344 0.623438 0.098437 0.434375
5 0.564844 0.630469 0.132812 0.517187
