1 0.087379 0.436893 0.043689 0.064725
1 0.149272 0.411003 0.055825 0.077670
1 0.266990 0.419094 0.043689 0.067961
1 0.629854 0.427184 0.060680 0.097087
1 0.878641 0.464401 0.116505 0.145631
1 0.822816 0.443366 0.033981 0.058252
1 0.765777 0.428803 0.046117 0.080906
1 0.700243 0.444984 0.036408 0.055016
1 0.593447 0.430421 0.036408 0.084142
1 0.547330 0.456311 0.050971 0.084142
1 0.516990 0.457929 0.033981 0.055016
1 0.466019 0.438511 0.058252 0.080906
1 0.356796 0.428803 0.053398 0.067961
3 0.929293 0.644704 0.133509 0.261885
3 0.760650 0.544204 0.074660 0.149291
3 0.649978 0.595913 0.087835 0.239366
3 0.559947 0.562135 0.089592 0.125104
3 0.471234 0.529191 0.066755 0.099249
3 0.368687 0.523353 0.074220 0.122602
3 0.266798 0.515847 0.083882 0.115930
3 0.157664 0.497081 0.083443 0.106756
3 0.088054 0.507089 0.046113 0.085071
3 0.829161 0.526689 0.057971 0.105922
5 0.709375 0.594531 0.056250 0.348437
5 0.831250 0.617188 0.087500 0.400000
5 0.559375 0.672656 0.128125 0.520312
5 0.764844 0.616406 0.110937 0.429688
5 0.082031 0.579687 0.067187 0.362500
5 0.453906 0.623438 0.126563 0.440625
5 0.651563 0.683594 0.125000 0.576563
5 0.366406 0.601562 0.101562 0.406250
5 0.910156 0.703906 0.176563 0.592188
5 0.262500 0.598437 0.106250 0.415625
5 0.155469 0.587500 0.110937 0.415625
