1 0.893000 0.323423 0.142000 0.127928
1 0.501000 0.304505 0.106000 0.118919
1 0.060000 0.307207 0.116000 0.178378
1 0.805000 0.300901 0.086000 0.115315
1 0.681000 0.310811 0.070000 0.081081
3 0.525911 0.460801 0.156785 0.190992
3 0.047650 0.513761 0.088274 0.261885
3 0.677426 0.414512 0.107598 0.133445
3 0.783926 0.449124 0.108037 0.179316
3 0.906456 0.519183 0.178305 0.266055
5 0.740625 0.321875 0.075000 0.087500
5 0.785937 0.570312 0.153125 0.625000
5 0.678906 0.496875 0.142188 0.450000
5 0.075000 0.601562 0.146875 0.781250
5 0.898438 0.627344 0.200000 0.735937
5 0.517187 0.614062 0.265625 0.731250
