1 0.174000 0.280781 0.108000 0.171171
1 0.867000 0.298799 0.066000 0.135135
1 0.569000 0.265766 0.082000 0.165165
1 0.348000 0.250751 0.096000 0.159159
1 0.742000 0.231231 0.108000 0.204204
1 0.962000 0.268769 0.056000 0.135135
1 0.517000 0.315315 0.042000 0.102102
1 0.621000 0.285285 0.042000 0.102102
1 0.097000 0.312312 0.050000 0.102102
1 0.246000 0.309309 0.032000 0.072072
1 0.028000 0.330330 0.052000 0.108108
1 0.468000 0.318318 0.032000 0.060060
1 0.651000 0.303303 0.042000 0.084084
1 0.419000 0.339339 0.042000 0.078078
1 0.397000 0.282282 0.034000 0.090090
1 0.983000 0.216216 0.030000 0.192192
3 0.174572 0.545872 0.145367 0.327773
3 0.357049 0.454962 0.130874 0.256047
3 0.029425 0.444120 0.052701 0.140951
3 0.592007 0.475396 0.114185 0.260217
3 0.783267 0.524604 0.151515 0.381985
3 0.895696 0.455796 0.071585 0.201001
3 0.966184 0.412844 0.060606 0.183486
3 0.669960 0.387823 0.043478 0.116764
3 0.506148 0.453711 0.055775 0.166806
3 0.463768 0.379483 0.034256 0.080067
3 0.099473 0.387823 0.057532 0.080067
5 0.471875 0.368750 0.062500 0.146875
5 0.247656 0.358594 0.060937 0.154687
5 0.101562 0.359375 0.075000 0.168750
5 0.496875 0.562500 0.093750 0.578125
5 0.886719 0.606250 0.123438 0.771875
5 0.036719 0.548437 0.073438 0.512500
5 0.593750 0.596094 0.178125 0.792188
5 0.160938 0.606250 0.218750 0.787500
5 0.775000 0.590625 0.203125 0.818750
5 0.337500 0.596875 0.228125 0.803125
5 0.974308 0.558382 0.044357 0.813178
5 0.959816 0.321101 0.045235 0.203503
