1 0.035000 0.519520 0.034000 0.066066
1 0.114000 0.537538 0.024000 0.042042
1 0.194000 0.531532 0.016000 0.042042
1 0.153000 0.522523 0.042000 0.084084
1 0.302000 0.484985 0.040000 0.081081
1 0.348000 0.471471 0.032000 0.060060
1 0.330000 0.492492 0.024000 0.054054
1 0.388000 0.477477 0.036000 0.054054
1 0.450000 0.486486 0.036000 0.072072
1 0.497000 0.466967 0.054000 0.099099
1 0.859000 0.420420 0.038000 0.066066
1 0.652000 0.438438 0.048000 0.084084
3 0.846069 0.524187 0.052262 0.144287
3 0.638779 0.544204 0.055775 0.139283
3 0.490338 0.580067 0.064559 0.140951
3 0.434124 0.556714 0.026790 0.097581
3 0.394818 0.552544 0.033377 0.112594
3 0.353975 0.584237 0.043917 0.165972
3 0.300615 0.588824 0.075977 0.130108
3 0.156126 0.614679 0.066315 0.115096
3 0.045894 0.603420 0.056653 0.104254
3 0.110672 0.588407 0.021959 0.067556
3 0.200922 0.575897 0.025033 0.057548
5 0.365625 0.595312 0.090625 0.287500
5 0.152344 0.684375 0.104687 0.406250
5 0.300781 0.676562 0.132812 0.443750
5 0.046875 0.666406 0.093750 0.335938
5 0.498437 0.669531 0.137500 0.476562
5 0.624219 0.616406 0.107813 0.417188
5 0.848437 0.573438 0.100000 0.356250
