0 0.338000 0.362952 0.052000 0.093373
1 0.905000 0.320783 0.078000 0.141566
1 0.712000 0.346386 0.056000 0.102410
1 0.581000 0.310241 0.054000 0.102410
1 0.251000 0.375000 0.042000 0.093373
1 0.137000 0.358434 0.058000 0.090361
1 0.288000 0.352410 0.040000 0.072289
1 0.387000 0.362952 0.038000 0.075301
1 0.419000 0.375000 0.030000 0.075301
1 0.447000 0.373494 0.030000 0.048193
1 0.511000 0.340361 0.046000 0.090361
3 0.710145 0.474979 0.078173 0.157631
3 0.900966 0.496247 0.104963 0.216847
3 0.580588 0.428274 0.072903 0.137615
3 0.509442 0.439533 0.060606 0.126772
3 0.421388 0.460384 0.057532 0.105088
3 0.340580 0.475396 0.071585 0.126772
3 0.254282 0.486239 0.061484 0.151793
3 0.141853 0.469975 0.066755 0.135947
5 0.386719 0.385938 0.039062 0.093750
5 0.250000 0.541406 0.081250 0.404687
5 0.504687 0.534375 0.087500 0.462500
5 0.714063 0.595312 0.112500 0.578125
5 0.584375 0.550000 0.115625 0.546875
5 0.420312 0.552344 0.093750 0.420312
5 0.334375 0.556250 0.109375 0.465625
5 0.884375 0.632031 0.153125 0.723437
5 0.157031 0.556250 0.132812 0.462500
