1 0.838000 0.575075 0.080000 0.159159
1 0.372000 0.566066 0.072000 0.117117
1 0.539000 0.578078 0.078000 0.129129
1 0.268000 0.548048 0.064000 0.117117
1 0.736000 0.504505 0.052000 0.090090
1 0.881000 0.578078 0.074000 0.135135
1 0.176000 0.524024 0.060000 0.099099
1 0.631000 0.516517 0.046000 0.084084
1 0.395000 0.435435 0.038000 0.060060
1 0.448000 0.509009 0.040000 0.075075
1 0.531000 0.506006 0.042000 0.063063
3 0.166227 0.653044 0.058410 0.183486
3 0.241985 0.703920 0.099253 0.225188
3 0.361880 0.749791 0.124726 0.275229
3 0.509881 0.787323 0.130874 0.295246
3 0.892841 0.762719 0.134387 0.222686
3 0.937637 0.723937 0.101888 0.211843
3 0.743303 0.581735 0.069829 0.062552
3 0.642292 0.580901 0.065437 0.072560
3 0.455204 0.562552 0.058410 0.044204
3 0.385595 0.479983 0.032499 0.085905
5 0.539844 0.536719 0.076563 0.110937
5 0.922656 0.679688 0.139062 0.315625
5 0.389844 0.474219 0.048438 0.123438
5 0.135937 0.598437 0.062500 0.225000
5 0.447656 0.535156 0.082812 0.107813
5 0.169531 0.624219 0.089063 0.273438
5 0.366406 0.706250 0.151562 0.375000
5 0.257812 0.660156 0.134375 0.323438
5 0.632031 0.552344 0.110937 0.142188
5 0.732813 0.551562 0.112500 0.171875
5 0.545313 0.764844 0.265625 0.464063
5 0.846875 0.769531 0.234375 0.451562
