0 0.803000 0.541333 0.030000 0.069333
1 0.117000 0.524000 0.054000 0.061333
1 0.252000 0.553333 0.048000 0.072000
1 0.362000 0.546667 0.040000 0.058667
1 0.447000 0.550667 0.038000 0.066667
1 0.603000 0.556000 0.038000 0.050667
1 0.693000 0.525333 0.038000 0.058667
1 0.768000 0.560000 0.040000 0.053333
1 0.924000 0.541333 0.032000 0.058667
3 0.448177 0.620517 0.050505 0.095079
3 0.359245 0.619683 0.047431 0.086739
3 0.248353 0.633862 0.053140 0.108424
3 0.110892 0.606756 0.058410 0.107590
3 0.599693 0.625521 0.054897 0.086739
3 0.687967 0.590492 0.056653 0.078399
3 0.766798 0.623436 0.054458 0.082569
3 0.809618 0.609675 0.041722 0.086739
3 0.929293 0.596747 0.045674 0.064220
5 0.764844 0.682031 0.085938 0.285937
5 0.353125 0.695312 0.075000 0.346875
5 0.457031 0.697656 0.076563 0.332812
5 0.689062 0.660937 0.081250 0.315625
5 0.813281 0.660937 0.073438 0.293750
5 0.599219 0.685156 0.085938 0.304688
5 0.254687 0.702344 0.100000 0.354688
5 0.932031 0.659375 0.076563 0.281250
5 0.115625 0.686719 0.103125 0.379687
