1 0.239000 0.450667 0.090000 0.112000
1 0.672000 0.357333 0.068000 0.106667
1 0.575000 0.408000 0.050000 0.080000
1 0.403000 0.433333 0.054000 0.082667
1 0.495000 0.417333 0.054000 0.066667
1 0.343000 0.426667 0.062000 0.096000
3 0.688186 0.508757 0.101010 0.213511
3 0.590031 0.530442 0.068950 0.158465
3 0.499122 0.515013 0.057532 0.125938
3 0.392622 0.524604 0.065876 0.118432
3 0.346509 0.570475 0.068511 0.196831
3 0.242644 0.621351 0.101449 0.238532
5 0.339063 0.642969 0.096875 0.507812
5 0.497656 0.592969 0.085938 0.417188
5 0.406250 0.613281 0.106250 0.439063
5 0.587500 0.600000 0.100000 0.450000
5 0.241406 0.696875 0.167187 0.603125
5 0.696875 0.612500 0.137500 0.600000
