1 0.410000 0.220721 0.072000 0.147147
1 0.855000 0.195195 0.074000 0.132132
1 0.736000 0.153153 0.100000 0.186186
1 0.507000 0.193694 0.102000 0.183183
1 0.255000 0.271772 0.102000 0.189189
1 0.630000 0.223724 0.048000 0.087087
3 0.494291 0.492077 0.160299 0.358632
3 0.250110 0.542118 0.125165 0.358632
3 0.628898 0.321101 0.058849 0.115096
3 0.745059 0.443703 0.156785 0.341952
3 0.871981 0.357798 0.095301 0.191827
5 0.403125 0.564062 0.112500 0.846875
5 0.631250 0.330469 0.090625 0.285937
5 0.872656 0.526563 0.145313 0.803125
5 0.493750 0.559375 0.265625 0.878125
5 0.738281 0.557031 0.254687 0.885938
5 0.236719 0.571094 0.210938 0.839063
