1 0.061000 0.268000 0.074000 0.120000
1 0.366000 0.378667 0.052000 0.085333
1 0.170000 0.310667 0.048000 0.077333
1 0.083000 0.310667 0.046000 0.082667
1 0.317000 0.301333 0.038000 0.064000
1 0.381000 0.288000 0.046000 0.058667
1 0.475000 0.336000 0.038000 0.064000
1 0.471000 0.288000 0.038000 0.058667
1 0.516000 0.313333 0.044000 0.066667
1 0.598000 0.305333 0.028000 0.066667
1 0.654000 0.314667 0.040000 0.074667
1 0.724000 0.280000 0.052000 0.090667
1 0.836000 0.317333 0.036000 0.058667
3 0.047870 0.444537 0.091348 0.246872
3 0.184673 0.413678 0.061045 0.125104
3 0.094422 0.416597 0.035134 0.204337
3 0.319719 0.433278 0.069390 0.114262
3 0.314668 0.377815 0.052262 0.095079
3 0.388011 0.384904 0.063680 0.142619
3 0.515152 0.404921 0.061484 0.125938
3 0.588933 0.402419 0.055336 0.135947
3 0.657005 0.413261 0.048309 0.132611
3 0.718489 0.395329 0.059728 0.146789
3 0.829820 0.419099 0.054897 0.149291
3 0.473650 0.426606 0.022398 0.120934
5 0.119531 0.457031 0.107813 0.445312
5 0.316406 0.352344 0.067187 0.148438
5 0.066406 0.547656 0.132812 0.667188
5 0.657031 0.467187 0.073438 0.375000
5 0.397656 0.439063 0.101562 0.362500
5 0.592188 0.469531 0.087500 0.370313
5 0.528125 0.480469 0.134375 0.395312
5 0.200781 0.471875 0.129688 0.378125
5 0.830469 0.452344 0.073438 0.317187
5 0.333594 0.525000 0.129688 0.359375
5 0.714063 0.460156 0.115625 0.417188
