1 0.715000 0.482036 0.130000 0.227545
1 0.266000 0.443114 0.068000 0.143713
1 0.491000 0.413174 0.106000 0.203593
1 0.442000 0.434132 0.048000 0.119760
3 0.263065 0.546706 0.116820 0.095913
3 0.512297 0.615513 0.166447 0.210175
3 0.750549 0.713928 0.210804 0.258549
3 0.974528 0.625521 0.048309 0.290242
5 0.796094 0.467969 0.042188 0.148438
5 0.585938 0.487500 0.050000 0.196875
5 0.329688 0.464063 0.040625 0.153125
5 0.642969 0.536719 0.076563 0.254687
5 0.824219 0.514063 0.051562 0.168750
5 0.953906 0.678125 0.089063 0.643750
5 0.463281 0.524219 0.270312 0.429688
5 0.257031 0.507031 0.185937 0.235938
5 0.717188 0.610937 0.275000 0.475000
5 0.438296 0.433278 0.049188 0.129274
