1 0.081967 0.280000 0.065574 0.120000
1 0.112933 0.336667 0.036430 0.080000
1 0.144809 0.336667 0.030965 0.073333
1 0.233151 0.281667 0.043716 0.090000
0 0.265027 0.305000 0.034608 0.090000
1 0.327869 0.313333 0.032787 0.093333
1 0.354281 0.308333 0.034608 0.070000
1 0.438069 0.298333 0.030965 0.070000
1 0.467213 0.318333 0.030965 0.063333
1 0.530055 0.316667 0.036430 0.066667
1 0.561931 0.341667 0.027322 0.070000
1 0.598361 0.343333 0.027322 0.066667
1 0.697632 0.336667 0.025501 0.066667
1 0.848816 0.286667 0.029144 0.073333
1 0.823315 0.291667 0.021858 0.056667
3 0.083224 0.511259 0.084761 0.338616
3 0.234958 0.437031 0.081686 0.216847
3 0.345850 0.464137 0.079491 0.227690
3 0.441590 0.432861 0.059289 0.178482
3 0.535573 0.421601 0.054897 0.129274
3 0.581028 0.450792 0.036891 0.145955
3 0.602986 0.427857 0.038647 0.110092
3 0.693237 0.422852 0.045235 0.113428
3 0.817962 0.385321 0.025911 0.131776
3 0.485727 0.407006 0.032499 0.135113
3 0.155687 0.425771 0.042600 0.115930
5 0.932813 0.256250 0.031250 0.037500
5 0.157031 0.509375 0.079687 0.403125
5 0.590625 0.491406 0.071875 0.360938
5 0.535937 0.503906 0.093750 0.429688
5 0.099219 0.617188 0.151562 0.687500
5 0.445312 0.496094 0.106250 0.445312
5 0.236719 0.532812 0.126563 0.571875
5 0.342187 0.535937 0.115625 0.518750
5 0.690625 0.480469 0.065625 0.332812
5 0.815108 0.345288 0.044796 0.185154
5 0.856170 0.287740 0.032938 0.055046
