1 0.618000 0.224543 0.088000 0.146214
1 0.398000 0.224543 0.092000 0.151436
1 0.242000 0.208877 0.112000 0.182768
1 0.026000 0.272846 0.048000 0.122715
1 0.163000 0.271540 0.054000 0.099217
3 0.632411 0.432444 0.172156 0.267723
3 0.399209 0.525855 0.156346 0.419516
3 0.238911 0.534195 0.175670 0.449541
3 0.036451 0.458716 0.066755 0.246872
3 0.135046 0.519183 0.057532 0.402836
5 0.139844 0.547656 0.107813 0.660937
5 0.054688 0.568750 0.109375 0.671875
5 0.259375 0.576563 0.234375 0.843750
5 0.401563 0.582812 0.200000 0.834375
5 0.652344 0.585156 0.223438 0.829687
