1 0.513000 0.436000 0.058000 0.104000
1 0.605000 0.420000 0.042000 0.093333
1 0.821000 0.429333 0.058000 0.096000
1 0.673000 0.409333 0.054000 0.088000
1 0.340000 0.414667 0.056000 0.082667
1 0.389000 0.448000 0.050000 0.080000
1 0.404000 0.394667 0.040000 0.064000
1 0.465000 0.386667 0.050000 0.090667
1 0.576000 0.416000 0.028000 0.090667
1 0.745000 0.428000 0.050000 0.082667
3 0.822793 0.588407 0.086517 0.214345
3 0.750988 0.536697 0.054458 0.139283
3 0.675670 0.561718 0.074220 0.219349
3 0.611111 0.571726 0.071585 0.185988
3 0.511638 0.560884 0.081686 0.154295
3 0.391963 0.562969 0.092666 0.155129
3 0.454326 0.532110 0.057532 0.200167
3 0.331796 0.545455 0.061924 0.186822
5 0.453125 0.462500 0.087500 0.228125
5 0.752344 0.644531 0.085938 0.504687
5 0.417969 0.401563 0.060937 0.078125
5 0.509375 0.650000 0.125000 0.496875
5 0.614062 0.653906 0.109375 0.517187
5 0.683594 0.644531 0.110937 0.535937
5 0.320312 0.615625 0.100000 0.471875
5 0.813281 0.675000 0.135937 0.568750
5 0.391406 0.650000 0.139062 0.484375
