0 0.073034 0.228333 0.059925 0.116667
1 0.312734 0.228333 0.074906 0.143333
1 0.480337 0.265000 0.073034 0.136667
1 0.808052 0.268333 0.058052 0.150000
1 0.626404 0.253333 0.050562 0.126667
0 0.541199 0.243333 0.026217 0.073333
0 0.376404 0.236667 0.033708 0.093333
0 0.573970 0.245000 0.031835 0.090000
0 0.756554 0.263333 0.029963 0.080000
1 0.900749 0.273333 0.037453 0.093333
1 0.132959 0.238333 0.041199 0.083333
1 0.021536 0.245000 0.035581 0.083333
1 0.171348 0.233333 0.024345 0.060000
3 0.617918 0.466222 0.112429 0.265221
3 0.477163 0.487073 0.092666 0.281902
3 0.305665 0.478732 0.112429 0.301918
3 0.052481 0.388240 0.077734 0.204337
3 0.143610 0.350292 0.057093 0.141785
3 0.170619 0.310676 0.034695 0.092577
3 0.371102 0.315680 0.036891 0.109258
3 0.539965 0.355713 0.037330 0.152627
3 0.754941 0.355296 0.040404 0.110092
3 0.808520 0.479566 0.101010 0.270225
3 0.886693 0.394912 0.046552 0.169308
5 0.382031 0.358594 0.067187 0.367188
5 0.572656 0.285156 0.060937 0.120312
5 0.172656 0.360938 0.057813 0.315625
5 0.670313 0.285937 0.034375 0.134375
5 0.817187 0.600781 0.150000 0.754687
5 0.755469 0.389062 0.070312 0.325000
5 0.887500 0.458594 0.075000 0.451562
5 0.141406 0.414062 0.092188 0.415625
5 0.057031 0.473437 0.114063 0.565625
5 0.613281 0.593750 0.148438 0.762500
5 0.312500 0.583594 0.196875 0.814062
5 0.476562 0.591406 0.137500 0.776563
