1 0.477000 0.419453 0.038000 0.079027
1 0.082000 0.393617 0.056000 0.094225
1 0.221000 0.414894 0.050000 0.088146
1 0.192000 0.404255 0.032000 0.066869
1 0.283000 0.395137 0.042000 0.085106
1 0.310000 0.424012 0.040000 0.069909
1 0.355000 0.437690 0.042000 0.085106
1 0.394000 0.439210 0.036000 0.075988
1 0.652000 0.417933 0.056000 0.088146
1 0.959000 0.440729 0.034000 0.072948
1 0.934000 0.448328 0.028000 0.063830
1 0.826000 0.455927 0.048000 0.079027
1 0.733000 0.428571 0.042000 0.079027
3 0.483531 0.539616 0.068511 0.178482
3 0.658322 0.495830 0.067633 0.094245
3 0.728371 0.524187 0.054018 0.149291
3 0.828502 0.545872 0.050505 0.129274
3 0.929513 0.545038 0.032060 0.134279
3 0.975187 0.537531 0.046992 0.127606
3 0.362758 0.545872 0.064998 0.150959
3 0.274704 0.519600 0.059289 0.205171
3 0.202459 0.556297 0.073781 0.205171
3 0.087615 0.517098 0.068072 0.166806
3 0.409310 0.532110 0.029864 0.138449
5 0.311719 0.437500 0.032813 0.084375
5 0.199219 0.636719 0.114063 0.529688
5 0.659375 0.585156 0.106250 0.398438
5 0.280469 0.593750 0.092188 0.478125
5 0.730469 0.578125 0.076563 0.368750
5 0.823438 0.597656 0.075000 0.342187
5 0.072656 0.594531 0.110937 0.460938
5 0.489062 0.595312 0.115625 0.450000
5 0.358805 0.604254 0.074660 0.374479
5 0.406017 0.590492 0.063680 0.371977
5 0.970795 0.599666 0.053140 0.351960
5 0.932367 0.585071 0.050944 0.336113
