1 0.380000 0.360000 0.084000 0.138667
1 0.518000 0.373333 0.068000 0.117333
1 0.697000 0.564000 0.034000 0.061333
1 0.826000 0.481333 0.048000 0.061333
1 0.765000 0.582667 0.030000 0.045333
3 0.380984 0.580901 0.133948 0.336113
3 0.536891 0.525855 0.133948 0.229358
3 0.625165 0.587156 0.042600 0.173478
3 0.691919 0.621768 0.054018 0.094245
3 0.834651 0.570892 0.068950 0.114262
3 0.752964 0.631776 0.042600 0.090909
5 0.621875 0.663281 0.075000 0.354688
5 0.752344 0.677344 0.051562 0.242188
5 0.571094 0.648438 0.223438 0.662500
5 0.690625 0.683594 0.084375 0.270312
5 0.825781 0.649219 0.114063 0.376563
5 0.372656 0.649219 0.254687 0.685938
