1 0.123000 0.304217 0.074000 0.156627
1 0.231000 0.346386 0.086000 0.150602
1 0.697000 0.292169 0.130000 0.253012
1 0.588000 0.266566 0.076000 0.153614
1 0.343000 0.316265 0.098000 0.198795
1 0.967000 0.126506 0.062000 0.246988
1 0.507000 0.338855 0.106000 0.201807
1 0.830000 0.272590 0.068000 0.099398
1 0.061000 0.171687 0.118000 0.204819
1 0.646000 0.356928 0.076000 0.135542
3 0.803250 0.514178 0.242424 0.406172
3 0.528546 0.561301 0.166447 0.305254
3 0.350461 0.537531 0.161616 0.266055
3 0.060606 0.497081 0.119455 0.383653
3 0.239570 0.534195 0.120773 0.277731
3 0.153931 0.529191 0.063680 0.282736
5 0.967188 0.260156 0.065625 0.520312
5 0.227344 0.403906 0.104687 0.245312
5 0.831250 0.279687 0.068750 0.090625
5 0.594531 0.335938 0.101562 0.256250
5 0.797656 0.492969 0.401563 0.667188
5 0.528125 0.478125 0.215625 0.478125
5 0.317187 0.484375 0.240625 0.459375
5 0.145586 0.482902 0.101449 0.497081
5 0.101449 0.454962 0.194993 0.801501
