1 0.340000 0.495624 0.108000 0.142232
1 0.634000 0.519694 0.072000 0.107221
1 0.200000 0.478118 0.080000 0.115974
1 0.929000 0.493435 0.070000 0.094092
1 0.505000 0.526258 0.090000 0.142232
1 0.427000 0.500000 0.066000 0.107221
1 0.807000 0.494530 0.070000 0.105033
1 0.054000 0.482495 0.068000 0.098468
1 0.261000 0.508753 0.054000 0.098468
1 0.700000 0.468271 0.056000 0.074398
3 0.047650 0.604671 0.086517 0.146789
3 0.182697 0.630108 0.142292 0.199333
3 0.279534 0.689324 0.150637 0.276063
3 0.502196 0.705171 0.169082 0.197665
3 0.423364 0.625938 0.092227 0.149291
3 0.637681 0.668057 0.106280 0.188490
3 0.704875 0.565471 0.082565 0.115096
3 0.796882 0.633028 0.098814 0.156797
3 0.935002 0.639700 0.096618 0.161802
5 0.930469 0.517969 0.114063 0.139062
5 0.888281 0.477344 0.029687 0.079687
5 0.408594 0.576563 0.132812 0.246875
5 0.407813 0.725000 0.134375 0.543750
5 0.707031 0.627344 0.101562 0.373437
5 0.263281 0.514063 0.057813 0.084375
5 0.850781 0.494531 0.035937 0.120312
5 0.936719 0.725000 0.126563 0.550000
5 0.175000 0.710938 0.162500 0.578125
5 0.791406 0.725781 0.139062 0.545313
5 0.054688 0.720312 0.109375 0.553125
5 0.638281 0.735937 0.160938 0.525000
5 0.288281 0.713281 0.217187 0.570312
5 0.506250 0.728906 0.250000 0.529688
