0 0.038000 0.337333 0.064000 0.109333
0 0.101000 0.328000 0.074000 0.117333
0 0.865000 0.341333 0.062000 0.090667
1 0.782000 0.286667 0.116000 0.168000
1 0.477000 0.341333 0.090000 0.144000
1 0.207000 0.260000 0.102000 0.162667
1 0.379000 0.316000 0.078000 0.120000
1 0.589000 0.385333 0.062000 0.098667
1 0.724000 0.401333 0.064000 0.114667
0 0.336000 0.354667 0.056000 0.112000
3 0.799297 0.526272 0.205534 0.321935
3 0.690821 0.559633 0.065876 0.198499
3 0.581686 0.533361 0.086517 0.199333
3 0.472991 0.532944 0.144049 0.240200
3 0.375055 0.480400 0.108037 0.205171
3 0.209047 0.533361 0.163373 0.386155
3 0.086737 0.485405 0.073342 0.216847
3 0.026350 0.477481 0.050066 0.165972
5 0.035156 0.610156 0.070312 0.645312
5 0.879687 0.610156 0.115625 0.748438
5 0.692969 0.628906 0.107813 0.539062
5 0.067969 0.604688 0.126563 0.721875
5 0.971875 0.812500 0.053125 0.375000
5 0.593750 0.632812 0.134375 0.578125
5 0.364062 0.626562 0.165625 0.725000
5 0.808594 0.606250 0.251563 0.787500
5 0.205469 0.610937 0.214062 0.778125
5 0.454688 0.638281 0.225000 0.723437
