1 0.630000 0.394895 0.056000 0.105105
1 0.693000 0.403904 0.066000 0.123123
1 0.176000 0.394895 0.052000 0.117117
1 0.224000 0.396396 0.048000 0.102102
1 0.540000 0.399399 0.052000 0.102102
1 0.394000 0.420420 0.052000 0.096096
1 0.036000 0.450450 0.052000 0.090090
1 0.048000 0.399399 0.040000 0.072072
1 0.326000 0.403904 0.040000 0.075075
1 0.299000 0.397898 0.030000 0.081081
1 0.453000 0.415916 0.038000 0.081081
3 0.699166 0.605505 0.112429 0.323603
3 0.644708 0.571726 0.055336 0.266055
3 0.551383 0.557548 0.092666 0.219349
3 0.455424 0.514595 0.064998 0.118432
3 0.393939 0.565054 0.079930 0.189324
3 0.326087 0.530859 0.066315 0.159299
3 0.184014 0.585488 0.128239 0.278565
3 0.050066 0.544621 0.093983 0.140117
3 0.545015 0.480817 0.106280 0.114262
3 0.289635 0.492494 0.042600 0.122602
5 0.382812 0.556250 0.100000 0.340625
5 0.314844 0.571875 0.104687 0.396875
5 0.638281 0.551562 0.076563 0.406250
5 0.460156 0.554688 0.085938 0.350000
5 0.058594 0.543750 0.117188 0.268750
5 0.543750 0.540625 0.109375 0.384375
5 0.189844 0.608594 0.151562 0.517187
5 0.692187 0.575000 0.137500 0.446875
