1 0.333333 0.221667 0.071111 0.130000
1 0.498889 0.266667 0.068889 0.120000
1 0.108889 0.241667 0.084444 0.143333
1 0.702222 0.283333 0.062222 0.106667
1 0.605556 0.296667 0.051111 0.093333
1 0.848889 0.321667 0.066667 0.090000
1 0.424444 0.298333 0.044444 0.076667
3 0.478261 0.408674 0.082565 0.176814
3 0.610013 0.406589 0.064119 0.139283
3 0.685551 0.447456 0.091348 0.214345
3 0.848265 0.508340 0.069829 0.274395
3 0.418972 0.385321 0.034256 0.100083
3 0.329161 0.387823 0.093544 0.191827
3 0.135266 0.474979 0.103645 0.291076
5 0.602344 0.504687 0.098437 0.490625
5 0.422656 0.481250 0.067187 0.440625
5 0.493750 0.589063 0.140625 0.734375
5 0.328125 0.546875 0.140625 0.734375
5 0.689062 0.549219 0.146875 0.607813
5 0.152344 0.573438 0.189063 0.781250
5 0.852344 0.559375 0.120312 0.537500
