1 0.111000 0.462462 0.062000 0.102102
1 0.296000 0.310811 0.096000 0.171171
1 0.393000 0.405405 0.054000 0.096096
1 0.472000 0.376877 0.076000 0.117117
1 0.658000 0.414414 0.092000 0.162162
1 0.745000 0.406907 0.062000 0.123123
3 0.289635 0.563386 0.162055 0.301084
3 0.115503 0.599666 0.078173 0.180150
3 0.646904 0.634279 0.141414 0.259383
3 0.483970 0.533361 0.081686 0.206005
3 0.735837 0.546706 0.093544 0.184320
5 0.397656 0.457812 0.054688 0.168750
5 0.106250 0.701563 0.131250 0.571875
5 0.757812 0.667188 0.137500 0.628125
5 0.481250 0.660156 0.128125 0.648438
5 0.275781 0.619531 0.304688 0.760938
5 0.636719 0.671875 0.220313 0.653125
