0 0.757500 0.458333 0.075000 0.143333
1 0.408750 0.458333 0.042500 0.070000
1 0.438750 0.463333 0.027500 0.060000
1 0.496250 0.475000 0.032500 0.063333
1 0.542500 0.468333 0.045000 0.083333
1 0.925000 0.471667 0.035000 0.070000
3 0.394818 0.536697 0.067633 0.112594
3 0.449495 0.537948 0.041722 0.095079
3 0.553799 0.575063 0.050066 0.147623
3 0.501318 0.559633 0.048748 0.101751
3 0.935002 0.544621 0.042161 0.100083
3 0.777119 0.550876 0.114625 0.075897
5 0.451562 0.606250 0.062500 0.325000
5 0.793750 0.568750 0.150000 0.346875
5 0.396875 0.635938 0.109375 0.418750
5 0.932031 0.590625 0.089063 0.290625
5 0.537330 0.633862 0.094422 0.398666
5 0.510321 0.618015 0.066755 0.341952
