1 0.148000 0.304225 0.072000 0.135211
1 0.517000 0.304225 0.066000 0.129577
1 0.671000 0.291549 0.070000 0.121127
1 0.302000 0.267606 0.072000 0.112676
1 0.759000 0.285915 0.062000 0.104225
1 0.171000 0.260563 0.058000 0.104225
3 0.508344 0.480817 0.114625 0.251043
3 0.311375 0.431193 0.110672 0.206839
3 0.153711 0.551293 0.104523 0.353628
3 0.689723 0.459967 0.122530 0.216013
3 0.775801 0.451626 0.083882 0.227690
5 0.185156 0.346875 0.098437 0.256250
5 0.743750 0.595312 0.303125 0.718750
5 0.150781 0.597656 0.173438 0.717188
5 0.313281 0.557031 0.170312 0.660937
5 0.507031 0.589844 0.176563 0.676562
5 0.789635 0.567556 0.130874 0.641368
