0 0.136000 0.408408 0.068000 0.120120
1 0.467000 0.396396 0.074000 0.120120
1 0.267000 0.385886 0.058000 0.099099
1 0.528000 0.388889 0.056000 0.093093
1 0.037000 0.426426 0.046000 0.090090
1 0.592000 0.411411 0.040000 0.078078
0 0.642000 0.400901 0.040000 0.093093
1 0.772000 0.412913 0.036000 0.075075
1 0.807000 0.418919 0.038000 0.063063
1 0.826000 0.381381 0.028000 0.054054
3 0.770751 0.502085 0.053579 0.098415
3 0.829381 0.473311 0.050505 0.087573
3 0.642732 0.532527 0.050505 0.157631
3 0.589811 0.521268 0.055336 0.125104
3 0.525033 0.515430 0.071585 0.150125
3 0.448177 0.575063 0.081247 0.271059
3 0.253843 0.530859 0.075538 0.165972
5 0.517969 0.619531 0.114063 0.545313
5 0.141406 0.389844 0.095312 0.135937
5 0.592969 0.589844 0.085938 0.432813
5 0.835156 0.407813 0.051562 0.087500
5 0.648438 0.587500 0.096875 0.437500
5 0.040625 0.646875 0.081250 0.525000
5 0.771094 0.578906 0.095312 0.382812
5 0.475000 0.666406 0.150000 0.635938
5 0.125781 0.660156 0.123438 0.542188
5 0.825781 0.562500 0.082812 0.346875
5 0.261719 0.664062 0.145313 0.653125
