1 0.285000 0.239057 0.130000 0.309764
1 0.740000 0.398990 0.132000 0.292929
1 0.471000 0.329966 0.118000 0.262626
1 0.850000 0.237374 0.128000 0.286195
1 0.726000 0.247475 0.104000 0.171717
1 0.166000 0.267677 0.104000 0.205387
1 0.061000 0.223906 0.118000 0.279461
1 0.652000 0.335017 0.076000 0.225589
1 0.952000 0.228956 0.088000 0.296296
1 0.528000 0.287879 0.064000 0.239057
1 0.350000 0.303030 0.068000 0.262626
3 0.048090 0.674729 0.090031 0.623853
3 0.247914 0.628440 0.229688 0.681401
3 0.468379 0.671393 0.214756 0.443703
3 0.873298 0.709341 0.232323 0.567973
3 0.962231 0.678482 0.064998 0.539616
3 0.651735 0.592994 0.141414 0.296914
5 0.935156 0.551562 0.129688 0.884375
5 0.725781 0.243750 0.110937 0.140625
5 0.959375 0.380469 0.081250 0.564062
5 0.670313 0.492969 0.184375 0.585938
5 0.139844 0.335938 0.145313 0.328125
5 0.068750 0.547656 0.137500 0.901563
5 0.773438 0.600000 0.425000 0.790625
5 0.236719 0.550000 0.314063 0.900000
5 0.482031 0.588281 0.264062 0.760938
