1 0.067000 0.465569 0.090000 0.158683
1 0.378000 0.459581 0.068000 0.134731
1 0.846000 0.456587 0.068000 0.116766
1 0.223000 0.498503 0.118000 0.242515
1 0.747000 0.488024 0.102000 0.179641
1 0.619000 0.432635 0.050000 0.086826
1 0.515000 0.326347 0.046000 0.077844
1 0.510000 0.429641 0.060000 0.098802
1 0.667000 0.393713 0.042000 0.074850
1 0.912000 0.431138 0.056000 0.095808
1 0.949000 0.413174 0.050000 0.077844
3 0.194335 0.817765 0.233202 0.356130
3 0.050066 0.697665 0.094862 0.347790
3 0.355292 0.531693 0.091348 0.109258
3 0.485727 0.504170 0.068511 0.095913
3 0.764603 0.751877 0.142292 0.379483
3 0.909530 0.590492 0.103645 0.230192
3 0.956961 0.555463 0.073781 0.218515
3 0.665788 0.464971 0.055336 0.077565
3 0.597497 0.479149 0.076856 0.089241
3 0.462670 0.387406 0.049627 0.114262
5 0.962500 0.478125 0.075000 0.187500
5 0.489844 0.475781 0.114063 0.185937
5 0.889063 0.570312 0.143750 0.328125
5 0.483594 0.396094 0.110937 0.207813
5 0.671094 0.444531 0.070312 0.160938
5 0.939844 0.535156 0.120312 0.285937
5 0.608594 0.463281 0.098437 0.154687
5 0.369531 0.504687 0.142188 0.206250
5 0.065625 0.682031 0.131250 0.576563
5 0.719531 0.707812 0.323438 0.584375
5 0.222656 0.704687 0.317187 0.590625
