1 0.542553 0.372727 0.075988 0.118182
1 0.098784 0.450000 0.088146 0.145455
1 0.838906 0.375000 0.054711 0.113636
1 0.955927 0.315909 0.063830 0.113636
1 0.267477 0.427273 0.060790 0.109091
1 0.627660 0.359091 0.057751 0.100000
1 0.352584 0.463636 0.048632 0.081818
1 0.414894 0.429545 0.045593 0.077273
1 0.758359 0.370455 0.033435 0.068182
3 0.118797 0.654295 0.121651 0.279399
3 0.276899 0.561718 0.100571 0.170976
3 0.359025 0.596330 0.066315 0.183486
3 0.414581 0.518766 0.060606 0.101751
3 0.555775 0.562969 0.111989 0.268557
3 0.644269 0.497915 0.064119 0.165138
3 0.754502 0.477064 0.039526 0.143453
3 0.848924 0.574646 0.101010 0.256881
3 0.955424 0.454962 0.084761 0.144287
5 0.059375 0.774219 0.118750 0.448438
5 0.364062 0.614844 0.087500 0.382812
5 0.654688 0.638281 0.150000 0.623438
5 0.748438 0.525781 0.075000 0.376563
5 0.845312 0.577344 0.175000 0.520312
5 0.948438 0.563281 0.103125 0.582812
5 0.560938 0.660937 0.137500 0.675000
5 0.325000 0.689062 0.228125 0.606250
5 0.418750 0.596875 0.087500 0.387500
5 0.110156 0.696094 0.154687 0.604688
