0 0.174000 0.264620 0.064000 0.125731
0 0.351000 0.271930 0.054000 0.116959
1 0.631000 0.251462 0.070000 0.134503
1 0.733000 0.285088 0.066000 0.125731
1 0.305000 0.241228 0.078000 0.131579
1 0.060000 0.222222 0.096000 0.163743
1 0.855000 0.301170 0.054000 0.099415
1 0.519000 0.274854 0.054000 0.093567
1 0.962000 0.245614 0.072000 0.292398
3 0.293149 0.416597 0.104084 0.217681
3 0.165349 0.400751 0.074220 0.167640
3 0.062363 0.419099 0.116820 0.239366
3 0.510540 0.380734 0.079491 0.149291
3 0.628019 0.422018 0.102767 0.193495
3 0.741985 0.438282 0.085639 0.195997
3 0.851998 0.431193 0.066755 0.161802
3 0.927317 0.624270 0.140975 0.447873
5 0.370313 0.467969 0.100000 0.492188
5 0.853125 0.485156 0.100000 0.439063
5 0.913281 0.557813 0.170312 0.878125
5 0.164062 0.491406 0.115625 0.560938
5 0.739062 0.579687 0.150000 0.737500
5 0.304688 0.585156 0.184375 0.795313
5 0.623438 0.598437 0.190625 0.790625
5 0.507031 0.494531 0.129688 0.517187
5 0.079687 0.576563 0.159375 0.828125
