1 0.564000 0.322857 0.072000 0.142857
1 0.203000 0.335714 0.070000 0.111429
1 0.712000 0.301429 0.084000 0.145714
1 0.893000 0.382857 0.098000 0.154286
1 0.455000 0.318571 0.074000 0.117143
1 0.129000 0.330000 0.054000 0.094286
1 0.263000 0.334286 0.034000 0.068571
1 0.373000 0.322857 0.054000 0.102857
1 0.504000 0.347143 0.056000 0.100000
1 0.671000 0.341429 0.042000 0.105714
3 0.197189 0.497915 0.101888 0.226856
3 0.117918 0.431193 0.062802 0.116764
3 0.268116 0.399500 0.046113 0.086739
3 0.364515 0.451626 0.063241 0.185988
3 0.466623 0.463720 0.098814 0.173478
3 0.597277 0.468724 0.100132 0.230192
3 0.719807 0.465805 0.129117 0.222686
3 0.897892 0.581318 0.139218 0.273561
5 0.505469 0.355469 0.048438 0.092188
5 0.365625 0.465625 0.078125 0.381250
5 0.052344 0.409375 0.054688 0.175000
5 0.269531 0.463281 0.076563 0.314063
5 0.116406 0.395312 0.104687 0.215625
5 0.470313 0.636719 0.137500 0.726562
5 0.904688 0.660156 0.156250 0.673437
5 0.196875 0.642969 0.153125 0.707812
5 0.710938 0.621094 0.168750 0.757812
5 0.589063 0.632031 0.175000 0.735937
