1 0.292000 0.370871 0.044000 0.075075
1 0.340000 0.382883 0.032000 0.069069
1 0.371000 0.373874 0.034000 0.063063
1 0.437000 0.364865 0.034000 0.075075
1 0.459000 0.355856 0.030000 0.075075
1 0.553000 0.354354 0.046000 0.090090
1 0.615000 0.373874 0.050000 0.093093
1 0.665000 0.376877 0.038000 0.075075
1 0.718000 0.366366 0.052000 0.096096
1 0.763000 0.369369 0.046000 0.084084
3 0.290733 0.462886 0.068511 0.106756
3 0.358147 0.457882 0.051383 0.091743
3 0.463329 0.467890 0.056214 0.155129
3 0.422925 0.467890 0.023715 0.141785
3 0.558410 0.452043 0.054897 0.120100
3 0.615942 0.497081 0.062802 0.160133
3 0.667765 0.469141 0.038208 0.112594
3 0.726834 0.484987 0.072025 0.155963
3 0.781511 0.478732 0.034695 0.146789
5 0.372656 0.394531 0.042188 0.092188
5 0.663281 0.519531 0.057813 0.357812
5 0.771875 0.452344 0.068750 0.235938
5 0.985156 0.408594 0.029687 0.107813
5 0.558594 0.540625 0.076563 0.415625
5 0.298438 0.548437 0.103125 0.400000
5 0.617188 0.562500 0.087500 0.440625
5 0.357812 0.526563 0.071875 0.328125
5 0.453906 0.535937 0.117188 0.409375
5 0.731250 0.586719 0.134375 0.495313
