1 0.866000 0.316000 0.080000 0.130667
1 0.934000 0.344000 0.104000 0.170667
1 0.577000 0.325333 0.074000 0.106667
1 0.709000 0.296000 0.122000 0.213333
1 0.466000 0.276000 0.136000 0.210667
1 0.119000 0.209333 0.186000 0.322667
0 0.223000 0.209333 0.118000 0.306667
3 0.432367 0.565888 0.173474 0.364470
3 0.109135 0.606756 0.213878 0.494579
3 0.209706 0.549625 0.122530 0.385321
3 0.714317 0.570892 0.185771 0.299416
3 0.913043 0.545872 0.152833 0.259383
3 0.550944 0.571309 0.063680 0.365304
5 0.574219 0.592969 0.107813 0.739062
5 0.578906 0.374219 0.070312 0.182812
5 0.861719 0.339844 0.082812 0.179688
5 0.139062 0.532031 0.275000 0.935938
5 0.440625 0.588281 0.296875 0.814062
5 0.713281 0.602344 0.323438 0.792188
5 0.908594 0.628906 0.182812 0.739062
