1 0.515000 0.243750 0.070000 0.125000
1 0.895000 0.164062 0.118000 0.190625
1 0.652000 0.273438 0.064000 0.121875
1 0.356000 0.253125 0.064000 0.112500
1 0.706000 0.268750 0.056000 0.118750
1 0.818000 0.259375 0.060000 0.112500
1 0.585000 0.246875 0.058000 0.106250
1 0.252000 0.298438 0.044000 0.084375
3 0.349802 0.448707 0.092666 0.265221
3 0.250549 0.419516 0.058410 0.163470
3 0.522398 0.454545 0.088274 0.276897
3 0.656566 0.497498 0.115942 0.347790
3 0.744401 0.444954 0.062363 0.244370
3 0.815108 0.407840 0.071146 0.190158
3 0.897672 0.515847 0.194993 0.506255
3 0.594422 0.415763 0.054897 0.251043
5 0.736719 0.547656 0.110937 0.660937
5 0.814062 0.467187 0.087500 0.528125
5 0.603125 0.535156 0.093750 0.629687
5 0.164844 0.384375 0.026562 0.084375
5 0.675781 0.604688 0.176563 0.768750
5 0.513281 0.539062 0.126563 0.675000
5 0.895312 0.532812 0.209375 0.921875
5 0.243750 0.490625 0.093750 0.453125
5 0.347656 0.528906 0.151562 0.639063
