1 0.288390 0.205000 0.074906 0.150000
1 0.176030 0.323333 0.044944 0.093333
1 0.228464 0.276667 0.052434 0.120000
1 0.298689 0.308333 0.046816 0.103333
1 0.429775 0.385000 0.039326 0.090000
1 0.575843 0.370000 0.046816 0.086667
3 0.421388 0.482068 0.046113 0.108424
3 0.580149 0.466222 0.042161 0.113428
3 0.249451 0.418682 0.090470 0.296914
3 0.152174 0.451626 0.033816 0.184320
3 0.185551 0.454128 0.035573 0.257715
5 0.152344 0.576563 0.085938 0.656250
5 0.576563 0.566406 0.078125 0.467187
5 0.418750 0.560938 0.075000 0.418750
5 0.261528 0.560467 0.119016 0.827356
