1 0.125000 0.463807 0.182000 0.284182
1 0.234000 0.373995 0.092000 0.152815
1 0.299000 0.410188 0.074000 0.112601
1 0.629000 0.450402 0.126000 0.214477
1 0.892000 0.462466 0.212000 0.356568
1 0.803000 0.447721 0.102000 0.235925
3 0.596618 0.647623 0.164690 0.224354
3 0.243742 0.603420 0.158103 0.289408
3 0.080369 0.818599 0.155468 0.344454
3 0.819499 0.690992 0.123847 0.349458
3 0.920949 0.800250 0.151076 0.386155
5 0.807031 0.657031 0.189063 0.679688
5 0.033594 0.433594 0.067187 0.229687
5 0.297656 0.409375 0.051562 0.087500
5 0.885938 0.650000 0.225000 0.700000
5 0.249219 0.635156 0.198437 0.648438
5 0.594531 0.678906 0.226562 0.642187
5 0.110937 0.659375 0.218750 0.671875
