1 0.283333 0.496795 0.055556 0.096154
1 0.845556 0.479167 0.051111 0.105769
1 0.687778 0.453526 0.046667 0.086538
1 0.135556 0.467949 0.053333 0.102564
1 0.082222 0.463141 0.026667 0.048077
1 0.201111 0.475962 0.033333 0.054487
1 0.351111 0.455128 0.040000 0.057692
1 0.468889 0.466346 0.048889 0.080128
1 0.618889 0.458333 0.046667 0.070513
1 0.790000 0.475962 0.042222 0.067308
1 0.578889 0.480769 0.028889 0.051282
3 0.471454 0.562552 0.076856 0.112594
3 0.355512 0.539616 0.057532 0.103420
3 0.282389 0.603420 0.071146 0.122602
3 0.205534 0.529608 0.038647 0.065054
3 0.141853 0.605505 0.065876 0.151793
3 0.083004 0.513761 0.036012 0.058382
3 0.616601 0.547123 0.057093 0.101751
3 0.571366 0.536697 0.028986 0.072560
3 0.688845 0.560050 0.080369 0.119266
3 0.787879 0.560467 0.050066 0.100083
3 0.850022 0.590492 0.062802 0.131776
5 0.082812 0.562500 0.050000 0.243750
5 0.210156 0.592188 0.073438 0.265625
5 0.142969 0.695312 0.098437 0.496875
5 0.782812 0.618750 0.071875 0.350000
5 0.614844 0.632031 0.085938 0.404687
5 0.279687 0.702344 0.109375 0.473437
5 0.357031 0.627344 0.092188 0.401563
5 0.850781 0.621094 0.101562 0.351562
5 0.469531 0.675000 0.126563 0.468750
5 0.692969 0.676562 0.126563 0.512500
5 0.518445 0.584237 0.041722 0.231026
5 0.567194 0.593828 0.046113 0.263553
