0 0.331000 0.508772 0.058000 0.116959
1 0.522000 0.451754 0.056000 0.102339
1 0.251000 0.483918 0.054000 0.096491
1 0.655000 0.505848 0.054000 0.093567
1 0.772000 0.475146 0.060000 0.096491
1 0.380000 0.466374 0.044000 0.084795
3 0.779974 0.649708 0.086078 0.245204
3 0.662055 0.630942 0.076856 0.170976
3 0.522178 0.581735 0.093105 0.164304
3 0.392183 0.575897 0.057971 0.134279
3 0.333773 0.677231 0.086078 0.220183
3 0.256258 0.620100 0.072464 0.179316
5 0.335938 0.724219 0.096875 0.551562
5 0.388281 0.694531 0.089063 0.523438
5 0.242188 0.722656 0.121875 0.554688
5 0.524219 0.702344 0.129688 0.567187
5 0.782812 0.725781 0.134375 0.548437
5 0.664844 0.722656 0.129688 0.514063
