1 0.465000 0.394578 0.074000 0.126506
1 0.888000 0.474398 0.064000 0.123494
1 0.231000 0.442771 0.102000 0.186747
1 0.717000 0.411145 0.102000 0.207831
1 0.790000 0.483434 0.056000 0.099398
1 0.566000 0.399096 0.092000 0.159639
3 0.211682 0.680984 0.151954 0.297748
3 0.452130 0.572143 0.104084 0.226856
3 0.580369 0.635530 0.144488 0.271893
3 0.728590 0.740200 0.162495 0.401168
3 0.896794 0.628440 0.080808 0.211009
5 0.978906 0.753125 0.042188 0.146875
5 0.896094 0.696875 0.101562 0.553125
5 0.800781 0.513281 0.064062 0.148438
5 0.751562 0.654688 0.250000 0.690625
5 0.578906 0.666406 0.176563 0.660937
5 0.447656 0.668750 0.160938 0.653125
5 0.171094 0.680469 0.339063 0.639063
