1 0.553333 0.415000 0.093333 0.156667
1 0.790000 0.430000 0.042222 0.093333
1 0.708889 0.433333 0.040000 0.080000
1 0.858889 0.453333 0.042222 0.073333
1 0.831111 0.425000 0.026667 0.056667
1 0.877778 0.420000 0.026667 0.053333
3 0.544576 0.634279 0.128239 0.301084
3 0.713878 0.585071 0.062802 0.212677
3 0.790733 0.572977 0.064559 0.205171
3 0.847606 0.599249 0.043039 0.222686
3 0.878349 0.536280 0.019324 0.136781
5 0.978125 0.820312 0.043750 0.325000
5 0.885156 0.452344 0.042188 0.110937
5 0.860937 0.611719 0.081250 0.398438
5 0.957031 0.596094 0.082812 0.454688
5 0.790625 0.630469 0.093750 0.457812
5 0.506250 0.646875 0.231250 0.696875
5 0.711719 0.633594 0.107813 0.467187
