1 0.182000 0.409333 0.060000 0.093333
1 0.278000 0.406667 0.052000 0.077333
1 0.382000 0.405333 0.076000 0.106667
1 0.556000 0.438667 0.052000 0.088000
1 0.431000 0.462667 0.058000 0.066667
1 0.479000 0.460000 0.030000 0.040000
1 0.659000 0.476000 0.034000 0.050667
1 0.746000 0.450667 0.060000 0.090667
3 0.176768 0.553795 0.076856 0.210175
3 0.263944 0.546289 0.065876 0.180150
3 0.364076 0.577982 0.094862 0.231860
3 0.428634 0.565054 0.056214 0.132611
3 0.475406 0.510008 0.035573 0.062552
3 0.553579 0.564220 0.082126 0.160967
3 0.734300 0.580901 0.082565 0.175980
3 0.659859 0.532527 0.029425 0.072560
5 0.475781 0.548437 0.051562 0.209375
5 0.657812 0.564062 0.046875 0.206250
5 0.426562 0.621094 0.071875 0.364062
5 0.546875 0.648438 0.112500 0.496875
5 0.725000 0.664062 0.143750 0.500000
5 0.361719 0.682813 0.129688 0.634375
5 0.171094 0.645312 0.117188 0.540625
5 0.273438 0.614844 0.090625 0.489062
