1 0.165556 0.515000 0.060000 0.096667
1 0.485556 0.508333 0.046667 0.083333
1 0.955556 0.520000 0.040000 0.066667
1 0.274444 0.536667 0.028889 0.060000
1 0.312222 0.531667 0.028889 0.056667
1 0.365556 0.535000 0.033333 0.056667
1 0.391111 0.528333 0.022222 0.056667
1 0.448889 0.523333 0.035556 0.066667
1 0.576667 0.541667 0.042222 0.070000
1 0.797778 0.531667 0.040000 0.070000
1 0.914444 0.531667 0.037778 0.056667
1 0.843333 0.536667 0.037778 0.060000
1 0.740000 0.511667 0.035556 0.063333
1 0.632222 0.551667 0.033333 0.063333
1 0.657778 0.543333 0.026667 0.066667
1 0.055556 0.536667 0.031111 0.060000
1 0.021111 0.543333 0.037778 0.066667
1 0.202222 0.526667 0.026667 0.066667
3 0.049627 0.630525 0.043039 0.118432
3 0.014054 0.616347 0.021080 0.075063
3 0.145367 0.644287 0.092227 0.174312
3 0.208388 0.639700 0.034695 0.151793
3 0.268336 0.604254 0.028986 0.072560
3 0.307642 0.608007 0.045235 0.081735
3 0.368687 0.623019 0.059289 0.113428
3 0.481116 0.625521 0.056653 0.133445
3 0.576856 0.647623 0.055775 0.134279
3 0.646025 0.651793 0.049188 0.134279
3 0.744401 0.588407 0.035134 0.092577
3 0.810277 0.627189 0.050944 0.121768
3 0.857049 0.620100 0.042600 0.109258
3 0.969038 0.599249 0.042600 0.094245
3 0.918972 0.605088 0.029425 0.094245
5 0.853906 0.692969 0.060937 0.360938
5 0.270312 0.667188 0.046875 0.300000
5 0.650781 0.707031 0.073438 0.357812
5 0.914844 0.646094 0.057813 0.270312
5 0.304688 0.684375 0.071875 0.350000
5 0.816406 0.721875 0.117188 0.428125
5 0.577344 0.696094 0.089063 0.373437
5 0.044531 0.677344 0.079687 0.307813
5 0.740625 0.650000 0.056250 0.315625
5 0.962500 0.671875 0.071875 0.362500
5 0.479688 0.725781 0.115625 0.489062
5 0.158594 0.735156 0.176563 0.526563
5 0.366406 0.712500 0.104687 0.400000
5 0.671278 0.559216 0.051383 0.120934
